Accuracy: 0.36
Precision: 0.38461538461538464
Recall: 0.38461538461538464
F1 Score: 0.38461538461538464
AUC-ROC: 0.3076923076923077
