Accuracy: 0.44
Precision: 0.47058823529411764
Recall: 0.6153846153846154
F1 Score: 0.5333333333333333
AUC-ROC: 0.33333333333333337
