Accuracy: 0.48
Precision: 0.5
Recall: 0.6923076923076923
F1 Score: 0.5806451612903226
AUC-ROC: 0.41666666666666663
