Accuracy: 0.75
Precision: 0.8
Recall: 0.9230769230769231
F1 Score: 0.8571428571428571
AUC-ROC: 0.5641025641025641
