Accuracy: 0.48
Precision: 0.5
Recall: 0.5384615384615384
F1 Score: 0.5185185185185186
AUC-ROC: 0.41025641025641024
