Accuracy: 0.36
Precision: 0.42105263157894735
Recall: 0.6153846153846154
F1 Score: 0.5
AUC-ROC: 0.3076923076923077
