Accuracy: 0.375
Precision: 0.6666666666666666
Recall: 0.46153846153846156
F1 Score: 0.5454545454545455
AUC-ROC: 0.2820512820512821
