Accuracy: 0.5
Precision: 0.7272727272727273
Recall: 0.6153846153846154
F1 Score: 0.6666666666666667
AUC-ROC: 0.25641025641025644
