Accuracy: 0.4
Precision: 0.4444444444444444
Recall: 0.6153846153846154
F1 Score: 0.5161290322580646
AUC-ROC: 0.42307692307692313
