Accuracy: 0.56
Precision: 0.5714285714285714
Recall: 0.6153846153846154
F1 Score: 0.5925925925925927
AUC-ROC: 0.40384615384615385
