Accuracy: 0.48
Precision: 0.5
Recall: 0.6153846153846154
F1 Score: 0.5517241379310345
AUC-ROC: 0.3269230769230769
