Accuracy: 0.5454545454545454
Precision: 0.5882352941176471
Recall: 0.7692307692307693
F1 Score: 0.6666666666666667
AUC-ROC: 0.48717948717948717
