Accuracy: 0.5
Precision: 0.5625
Recall: 0.6923076923076923
F1 Score: 0.6206896551724138
AUC-ROC: 0.5897435897435898
