Accuracy: 0.8125
Precision: 0.8571428571428571
Recall: 0.9230769230769231
F1 Score: 0.888888888888889
AUC-ROC: 0.5641025641025642
