Accuracy: 0.44
Precision: 0.4666666666666667
Recall: 0.5384615384615384
F1 Score: 0.5
AUC-ROC: 0.34615384615384615
