Accuracy: 0.28
Precision: 0.35294117647058826
Recall: 0.46153846153846156
F1 Score: 0.4000000000000001
AUC-ROC: 0.2692307692307693
