Accuracy: 0.4375
Precision: 0.75
Recall: 0.46153846153846156
F1 Score: 0.5714285714285714
AUC-ROC: 0.46153846153846156
