Accuracy: 0.625
Precision: 0.7692307692307693
Recall: 0.7692307692307693
F1 Score: 0.7692307692307693
AUC-ROC: 0.41025641025641024
